1.311559059994946665e+03
9.274123052490807595e+02
7.572289763461750454e+02
6.557795299974733325e+02
5.865470429308852545e+02
5.354417440853281960e+02
4.957227289314674863e+02
4.637061526245403797e+02
4.371863533316489452e+02
4.147513915413459245e+02
3.954499356722241714e+02
3.786144881730875227e+02
3.637610339700869986e+02
3.505289032157413658e+02
3.386430931285255497e+02
3.278897649987366663e+02
3.180997963879397616e+02
3.091374350830269577e+02
3.008922842633248820e+02
2.932735214654426272e+02
2.862056509919986524e+02
2.796253311336136562e+02
2.734789688960941021e+02
2.677208720426640980e+02
2.623118119989892989e+02
2.572178938516786388e+02
2.524096587820583579e+02
2.478613644657337431e+02
2.435504031849378919e+02
2.394568275531679262e+02
2.355629610963454184e+02
2.318530763122701899e+02
2.283131268113788224e+02
2.249305231199722357e+02
2.216939439764925908e+02
2.185931766658244726e+02
2.156189812543355799e+02
2.127629746093072924e+02
2.100175308833263443e+02
2.073756957706729622e+02
2.048311123384948189e+02
2.023779566303525712e+02
2.000108815560042501e+02
1.977249678361120857e+02
1.955156809769617325e+02
1.933788334183330448e+02
1.913105511351494954e+02
1.893072440865437613e+02
1.873655799992781112e+02
1.854824610498161519e+02
1.836550030737421366e+02
1.818805169850434993e+02
1.801564921329183449e+02
1.784805813617760748e+02
1.768505875722024427e+02
1.752644516078706829e+02
1.737202413165119879e+02
1.722161416527873143e+02
1.707504457077751567e+02
1.693215465642627748e+02
1.679279298894749104e+02
1.665681671876087080e+02
1.652409096438225049e+02
1.639448824993683331e+02
1.626788799045449423e+02
1.614417602022301139e+02
1.602324416000606391e+02
1.590498981939698808e+02
1.578931563098612116e+02
1.567612911337684807e+02
1.556534236039974530e+02
1.545687175415134789e+02
1.535063769972872194e+02
1.524656437974757637e+02
1.514457952692350204e+02
1.504461421316624410e+02
1.494660265378850283e+02
1.485048202556552042e+02
1.475619229750223838e+02
1.466367607327213136e+02
1.457287844438830007e+02
1.448374685325332223e+02
1.439623096531192061e+02
1.431028254959993262e+02
1.422585536704550861e+02
1.414290506593499686e+02
1.406138908400657783e+02
1.398126655668068281e+02
1.390249823097777835e+02
1.382504638471153271e+02
1.374887475057955442e+02
1.367394844480470510e+02
1.360023390000803261e+02
1.352769880201999513e+02
1.345631203035969179e+02
1.338604360213320490e+02
1.331686461912123605e+02
1.324874721784401004e+02
1.318166452240747049e+02
1.311559059994946494e+02
1.305050041851826279e+02
1.298636980722793055e+02
1.292317541854659737e+02
1.286089469258393194e+02
1.279950582325378150e+02
1.273898772619674702e+02
1.267932000835545807e+02
1.262048293910291790e+02
1.256245742283105216e+02
1.250522497291296986e+02
1.244876768695835239e+02
1.239306822328668716e+02
1.233810977854820976e+02
1.228387606642690884e+02
1.223035129736434072e+02
1.217752015924689459e+02
1.212536779900290043e+02
1.207387980505932319e+02
1.202304219061101378e+02
1.197284137765839631e+02
1.192326418177224241e+02
1.187429779754668289e+02
1.182592978470404574e+02
1.177814805481727092e+02
1.173094085861770424e+02
1.168429677385804695e+02
1.163820469370195383e+02
1.159265381561350949e+02
1.154763363072134155e+02
1.150313391363357027e+02
1.145914471268122554e+02
1.141565634056894112e+02
1.137265936541301841e+02
1.133014460214803449e+02
1.128810310428418404e+02
1.124652615599861178e+02
1.120540526454479391e+02
1.116473215296503980e+02
1.112449875309182659e+02
1.108469719882462954e+02
1.104531981966942311e+02
1.100635913452888133e+02
1.096780784573184917e+02
1.092965883329122363e+02
1.089190514938004952e+02
1.085454001301604450e+02
1.081755680494535738e+02
1.078094906271677900e+02
1.074471047593807782e+02
1.070883488170656364e+02
1.067331626020638424e+02
1.063814873046536462e+02
1.060332654626465825e+02
1.056884409219469632e+02
1.053469587985133415e+02
1.050087654416631722e+02
1.046738083986650167e+02
1.043420363805653324e+02
1.040133992291990950e+02
1.036878478853364811e+02
1.033653343579190391e+02
1.030458116943423050e+02
1.027292339517424438e+02
1.024155561692474095e+02
1.021047343411545540e+02
1.017967253909981622e+02
1.014914871464723660e+02
1.011889783151762856e+02
1.008891584611497478e+02
1.005919879821692007e+02
1.002974280877749464e+02
1.000054407780021251e+02
9.971598882278871656e+01
9.942903574203548089e+01
9.914454578629350578e+01
9.886248391805604285e+01
9.858281579363257663e+01
9.830550774558368232e+01
9.803052676569649293e+01
9.775784048848086627e+01
9.748741717516799099e+01
9.721922569819304272e+01
9.695323552614493678e+01
9.668941670916652242e+01
9.642773986478945858e+01
9.616817616418846626e+01
9.591069731884054761e+01
9.565527556757474770e+01
9.540188366399955555e+01
9.515049486429458625e+01
9.490108291535432272e+01
9.465362204327188067e+01
9.440808694215147057e+01
9.416445276323834435e+01
9.392269510435583868e+01
9.368278999963905562e+01
9.344471390955575885e+01
9.320844371120456628e+01
9.297395668888182740e+01
9.274123052490807595e+01
9.251024329070600061e+01
9.228097343812140707e+01
9.205339979097986713e+01
9.182750153687106831e+01
9.160325821915405697e+01
9.138064972917598539e+01
9.115965629869803877e+01
9.094025849252174964e+01
9.072243720130974509e+01
9.050617363459451781e+01
9.029144931396990614e+01
9.007824606645917243e+01
8.986654601805477682e+01
8.965633158742416242e+01
8.944758547977690455e+01
8.924029068088803740e+01
8.903443045127329469e+01
8.882998832051114846e+01
8.862694808170795113e+01
8.842529378610122137e+01
8.822500973779780509e+01
8.802608048864222212e+01
8.782849083321190164e+01
8.763222580393534145e+01
8.743727066632978051e+01
8.724361091435491744e+01
8.705123226587923568e+01
8.686012065825599393e+01
8.667026224400538581e+01
8.648164338660014039e+01
8.629425065635165026e+01
8.610807082639365717e+01
8.592309086876079505e+01
8.573929795055953207e+01
8.555667943022875477e+01
8.537522285388757837e+01
8.519491595176799592e+01
8.501574663473010673e+01
8.483770299085763611e+01
8.466077328213138742e+01
8.448494594117899226e+01
8.431020956809824440e+01
8.413655292735278124e+01
8.396396494473745520e+01
8.379243470441217312e+01
8.362195144600198660e+01
8.345250456176185594e+01
8.328408359380435400e+01
8.311667823138864719e+01
8.295027830826919057e+01
8.278487380010261631e+01
8.262045482191125245e+01
8.245701162560172293e+01
8.229453459753757727e+01
8.213301425616407414e+01
8.197244124968416656e+01
8.181280635378438149e+01
8.165410046940893096e+01
8.149631462058140130e+01
8.133943995227247115e+01
8.118346772831262115e+01
8.102838932934865568e+01
8.087419625084307029e+01
8.072088010111505696e+01
8.056843259942230873e+01
8.041684557408242995e+01
8.026611096063317063e+01
8.011622080003031954e+01
7.996716723688264494e+01
7.981894251772264681e+01
7.967153898931265132e+01
7.952494909698494041e+01
7.937916538301554681e+01
7.923418048503063460e+01
7.908998713444483997e+01
7.894657815493060582e+01
7.880394646091821187e+01
7.866208505612523538e+01
7.852098703211514419e+01
7.838064556688424034e+01
7.824105392347631494e+01
7.810220544862423253e+01
7.796409357141799035e+01
7.782671180199872651e+01
7.769005373027768258e+01
7.755411302468010604e+01
7.741888343091301294e+01
7.728435877075673943e+01
7.715053294087923064e+01
7.701739991167308119e+01
7.688495372611447465e+01
7.675318849864360971e+01
7.662209841406615851e+01
7.649167772647544439e+01
7.636192075819450054e+01
7.623282189873788184e+01
7.610437560379294553e+01
7.597657639421950648e+01
7.584941885506836456e+01
7.572289763461751022e+01
7.559700744342610790e+01
7.547174305340574563e+01
7.534709929690843921e+01
7.522307106583122049e+01
7.509965331073691175e+01
7.497684103999074523e+01
7.485462931891221672e+01
7.473301326894251417e+01
7.461198806682634199e+01
7.449154894380860981e+01
7.437169118484520425e+01
7.425241012782760208e+01
7.413370116282131050e+01
7.401555973131742405e+01
7.389798132549752552e+01
7.378096148751119188e+01
7.366449580876604841e+01
7.354857992923029997e+01
7.343320953674707141e+01
7.331838036636065681e+01
7.320408819965430780e+01
7.309032886409939067e+01
7.297709823241547156e+01
7.286439222194150034e+01
7.275220679401739687e+01
7.264053795337639485e+01
7.252938174754719114e+01
7.241873426626661114e+01
7.230859164090159652e+01
7.219895004388133941e+01
7.208980568813845480e+01
7.198115482655960307e+01
7.187299375144520752e+01
7.176531879397794000e+01
7.165812632370015933e+01
7.155141274799966311e+01
7.144517451160403709e+01
7.133940809608313316e+01
7.123411001935961906e+01
7.112927683522754307e+01
